x0:  0.0001110010111011010101001100001001011110100100001
x0:  0.0001110010111011010101001100001001011110100100011
0.11223344560000292

x1:  0.1000110111101111010101011110100001110000110000001
x1:  0.1000110111101111010101011110100001110000110000011
0.5544332211000036

g0:  011.0001110010111011010101001100000111110000100111010
g0:  011.0001110010111011010101001100000111110000100111011
3.112233445500001

g1:  101.0001110010111011010101001100001001011110100100001
g1:  101.0001110010111011010101001100001001011110100100000
5.112233445599998
